WL	QE	DSig	MSig	Mcorr	RPI	DSD	MSD	RSD	GC
300.0	1.5206E-1	3.8477E-5	1.8840E-2	9.9592E-1	2.5097E-4	7.265	0.030	7.289	CA-CA-3-0
310.0	1.8106E-1	8.6206E-5	2.5631E-2	1.0007E+0	4.7675E-4	7.326	0.039	7.289	CA-CA-3-1
320.0	2.5459E-1	1.7250E-4	3.1198E-2	1.0053E+0	6.8482E-4	4.919	0.025	4.895	CA-CA-3-0
330.0	4.9770E-1	4.1190E-4	3.5371E-2	1.0091E+0	8.4271E-4	0.756	0.039	0.724	CA-CA-3-0
340.0	1.2086E+0	1.1245E-3	3.8525E-2	1.0100E+0	9.4917E-4	0.352	0.023	0.375	CA-CA-3-1
350.0	2.9823E+0	2.9747E-3	4.1040E-2	1.0113E+0	1.0202E-3	0.252	0.041	0.228	CA-B-3-1
360.0	6.2230E+0	6.1297E-3	3.7509E-2	1.0158E+0	1.0165E-3	0.008	0.003	0.005	CA-CA-2-0
370.0	1.0935E+1	8.1733E-3	2.8134E-2	1.0245E+0	7.8450E-4	0.037	0.011	0.040	CA-CA-3-1
380.0	1.6467E+1	1.9824E-2	4.9494E-2	1.0070E+0	1.2207E-3	0.083	0.016	0.075	CA-B-3-0
390.0	2.1182E+1	2.8955E-2	6.1312E-2	1.0078E+0	1.3882E-3	0.111	0.042	0.070	CA-B-3-0
400.0	2.5139E+1	3.9448E-2	7.6457E-2	1.0111E+0	1.6041E-3	0.121	0.033	0.098	CA-B-3-0
410.0	2.8332E+1	4.6372E-2	8.5352E-2	1.0135E+0	1.6813E-3	0.066	0.023	0.064	B-B-3-1
420.0	3.0785E+1	5.2051E-2	9.2967E-2	1.0141E+0	1.7387E-3	0.080	0.007	0.077	B-B-3-0
430.0	3.2419E+1	5.4888E-2	9.7353E-2	1.0164E+0	1.7491E-3	0.067	0.003	0.066	B-B-3-0
440.0	3.3585E+1	5.8947E-2	1.0549E-1	1.0149E+0	1.8079E-3	0.071	0.014	0.059	B-B-3-0
450.0	3.4543E+1	6.3425E-2	1.1455E-1	1.0115E+0	1.8785E-3	0.062	0.017	0.050	B-B-3-0
460.0	3.5545E+1	6.9585E-2	1.2622E-1	1.0146E+0	2.0151E-3	0.057	0.003	0.059	B-B-3-0
470.0	3.6824E+1	8.7442E-2	1.5770E-1	1.0101E+0	2.4228E-3	0.063	0.032	0.052	B-B-3-1
480.0	3.8427E+1	7.5538E-2	1.3435E-1	1.0226E+0	2.0557E-3	0.007	0.010	0.017	B-B-2-0
490.0	4.0376E+1	7.6935E-2	1.3347E-1	1.0209E+0	1.9860E-3	0.002	0.002	0.004	B-B-2-0
500.0	4.2588E+1	7.8535E-2	1.3201E-1	1.0224E+0	1.9277E-3	0.029	0.005	0.028	B-B-3-0
510.0	4.4965E+1	7.9202E-2	1.2863E-1	1.0203E+0	1.8338E-3	0.047	0.006	0.047	B-B-3-0
520.0	4.7141E+1	8.1536E-2	1.2852E-1	1.0200E+0	1.7995E-3	0.002	0.026	0.028	B-B-2-0
530.0	4.8815E+1	8.2258E-2	1.2729E-1	1.0199E+0	1.7528E-3	0.062	0.021	0.074	B-B-3-1
540.0	4.9792E+1	8.1872E-2	1.2669E-1	1.0199E+0	1.7104E-3	0.041	0.017	0.057	B-B-3-1
550.0	5.0226E+1	7.8881E-2	1.2239E-1	1.0198E+0	1.6332E-3	0.047	0.006	0.053	B-B-3-0
560.0	5.0136E+1	7.3764E-2	1.1583E-1	1.0200E+0	1.5308E-3	0.092	0.040	0.052	B-B-3-0
570.0	4.9736E+1	6.7384E-2	1.0788E-1	1.0192E+0	1.4075E-3	0.059	0.018	0.042	B-B-3-1
580.0	4.9095E+1	7.4292E-2	1.2178E-1	1.0192E+0	1.5720E-3	0.005	0.006	0.011	B-B-2-0
590.0	4.8275E+1	7.1015E-2	1.1961E-1	1.0189E+0	1.5271E-3	0.056	0.013	0.043	B-B-3-0
600.0	4.6386E+1	7.7784E-2	9.7729E-2	1.0173E+0	1.7354E-3	0.009	0.008	0.001	B-B-2-0
610.0	4.5532E+1	8.3038E-2	1.0802E-1	1.0175E+0	1.8883E-3	0.023	0.018	0.005	B-B-3-1
620.0	4.4691E+1	8.9560E-2	1.2059E-1	1.0170E+0	2.0726E-3	0.000	0.005	0.005	B-B-2-0
630.0	4.3926E+1	9.4633E-2	1.3158E-1	1.0162E+0	2.2246E-3	0.029	0.023	0.006	B-B-3-2
640.0	4.3270E+1	9.8230E-2	1.4039E-1	1.0167E+0	2.3466E-3	0.002	0.008	0.006	B-B-2-0
650.0	4.2677E+1	1.0447E-1	1.5074E-1	1.0164E+0	2.5289E-3	0.021	0.008	0.018	B-B-3-2
660.0	4.2250E+1	1.0193E-1	1.4955E-1	1.0174E+0	2.4973E-3	0.012	0.021	0.009	B-B-3-0
670.0	4.1821E+1	1.0595E-1	1.6032E-1	1.0150E+0	2.6102E-3	0.033	0.040	0.027	B-B-3-0
680.0	4.1402E+1	1.1191E-1	1.7758E-1	1.0157E+0	2.7886E-3	0.020	0.015	0.034	B-B-3-0
690.0	4.1044E+1	1.1681E-1	1.8784E-1	1.0171E+0	2.9440E-3	0.035	0.020	0.016	B-B-3-0
700.0	4.0842E+1	1.0623E-1	1.7126E-1	1.0179E+0	2.6947E-3	0.002	0.014	0.012	B-B-2-0
710.0	4.0612E+1	1.0301E-1	1.6727E-1	1.0153E+0	2.6146E-3	0.004	0.007	0.002	B-B-2-0
720.0	4.0215E+1	1.0791E-1	1.7878E-1	1.0157E+0	2.7681E-3	0.010	0.009	0.010	B-B-3-1
730.0	3.9935E+1	1.0407E-1	1.7738E-1	1.0129E+0	2.6738E-3	0.018	0.009	0.024	B-B-3-1
740.0	3.9462E+1	1.0881E-1	1.9271E-1	1.0170E+0	2.8516E-3	0.030	0.019	0.013	B-B-3-1
750.0	3.9132E+1	1.0568E-1	1.9440E-1	1.0131E+0	2.7719E-3	0.003	0.010	0.006	B-B-2-0
760.0	3.8745E+1	1.0137E-1	1.9380E-1	1.0102E+0	2.6698E-3	0.004	0.017	0.021	B-B-3-1
770.0	3.7816E+1	1.2318E-1	2.4720E-1	1.0268E+0	3.4341E-3	0.090	0.057	0.033	B-B-3-1
780.0	3.7892E+1	8.3376E-2	1.7163E-1	1.0106E+0	2.2471E-3	0.006	0.015	0.009	B-B-3-1
790.0	3.7290E+1	8.7066E-2	1.8603E-1	1.0020E+0	2.3442E-3	0.015	0.032	0.022	B-B-3-0
800.0	3.6517E+1	8.8964E-2	1.9749E-1	1.0041E+0	2.4561E-3	0.007	0.010	0.003	B-B-2-0
810.0	3.5718E+1	8.2481E-2	1.8980E-1	1.0051E+0	2.3327E-3	0.001	0.001	0.001	B-B-2-0
820.0	3.4405E+1	1.2308E-1	2.9617E-1	9.8015E-1	3.4368E-3	0.006	0.052	0.045	B-B-2-0
830.0	3.1307E+1	4.0053E-1	1.0684E+0	1.0261E+0	1.3470E-2	0.104	0.037	0.074	A-A-3-2
840.0	3.1512E+1	1.6832E-1	4.5278E-1	1.0237E+0	5.5972E-3	0.010	0.072	0.062	B-A-2-0
850.0	3.1096E+1	7.0551E-2	1.8845E-1	1.0192E+0	2.3567E-3	0.081	0.068	0.145	B-B-3-0
860.0	2.9480E+1	6.5547E-2	1.8299E-1	1.0124E+0	2.2789E-3	0.002	0.009	0.011	B-B-2-0
870.0	2.7103E+1	8.9928E-2	2.6874E-1	1.0054E+0	3.3543E-3	0.010	0.046	0.036	B-B-2-0
880.0	2.3806E+1	2.2992E-1	7.7600E-1	9.6485E-1	8.9912E-3	0.080	0.164	0.085	B-A-3-1
890.0	2.1201E+1	2.5739E-1	9.5887E-1	1.0461E+0	1.3285E-2	0.062	0.027	0.036	B-A-3-2
900.0	1.8921E+1	2.4537E-1	1.0039E+0	1.0377E+0	1.3963E-2	0.053	0.038	0.016	B-A-3-1
910.0	1.6849E+1	1.9987E-1	9.0160E-1	1.0653E+0	1.3463E-2	0.046	0.028	0.018	B-A-3-2
920.0	1.4496E+1	3.2127E-1	1.6386E+0	1.0361E+0	2.3790E-2	0.084	0.035	0.050	B-A-3-1
930.0	1.3454E+1	9.3333E-2	5.0858E-1	1.0311E+0	7.3748E-3	0.036	0.017	0.052	B-A-3-2
940.0	1.1722E+1	1.1714E-1	7.0537E-1	1.0105E+0	1.0205E-2	0.007	0.035	0.035	B-A-3-1
950.0	1.0230E+1	1.2580E-1	8.5511E-1	1.0201E+0	1.2796E-2	0.001	0.020	0.022	B-A-2-0
960.0	9.1191E+0	7.7923E-2	5.8758E-1	1.0373E+0	9.1944E-3	0.018	0.025	0.028	B-A-3-1
970.0	7.9406E+0	6.4972E-2	5.4728E-1	1.0174E+0	8.4691E-3	0.023	0.030	0.010	B-A-3-2
980.0	6.4221E+0	1.5869E-1	1.5705E+0	9.9188E-1	2.4311E-2	0.018	0.056	0.073	B-A-3-1
990.0	5.4029E+0	7.4923E-2	8.4740E-1	9.9366E-1	1.3692E-2	0.026	0.027	0.006	B-A-3-3
1000.0	4.2590E+0	5.8222E-2	7.9346E-1	1.0572E+0	1.5278E-2	0.066	0.129	0.070	B-A-3-0
1010.0	3.1521E+0	2.3799E-2	4.1218E-1	1.0213E+0	7.8752E-3	0.046	0.008	0.038	CA-A-3-2
1020.0	2.1283E+0	1.6491E-2	3.7757E-1	1.0318E+0	8.2494E-3	0.051	0.017	0.044	CA-B-3-2
1030.0	1.3280E+0	6.4939E-3	2.1235E-1	1.0275E+0	5.1629E-3	0.103	0.031	0.104	CA-B-3-1
1040.0	7.5429E-1	3.2851E-3	1.6264E-1	1.0260E+0	4.5848E-3	0.223	0.032	0.237	CA-B-3-0
1050.0	4.0329E-1	1.8855E-3	1.4494E-1	1.0166E+0	4.8315E-3	0.386	0.008	0.391	CA-B-3-0
1060.0	2.0863E-1	9.5636E-4	1.1279E-1	1.0217E+0	4.7849E-3	0.619	0.045	0.646	CA-B-3-0
1070.0	9.6608E-2	3.6524E-4	7.4624E-2	1.0174E+0	3.9131E-3	1.483	0.048	1.530	CA-B-3-0
1080.0	4.7254E-2	2.2670E-4	7.6730E-2	1.0071E+0	4.8658E-3	1.658	0.025	1.653	CA-B-3-0
1090.0	1.9345E-2	1.0068E-4	6.7276E-2	1.0126E+0	5.3363E-3	7.575	0.005	7.576	CA-B-3-0
1100.0	-9.3659E-3	-3.2175E-5	3.4447E-2	1.0177E+0	3.5578E-3	-3.779	0.000	-3.779	CA-CA-2-0
end data
Jsc [mA/cm2]:  13.39	11.98	15.92
Bandgap [eV]:  1.351
Power Mode Calibration
Monitor Corrections:  On
Chopping Frequency [Hz]:  50.00
Light Bias Current [mA]:  -0.02
Voltage Bias [V]:  0.00
Meas Period: [s]:  0.5
Readings per WL :  3
Scan Duration [s]:  183
Calibration Info:  Sat, Jan 01, 2005 12:05 AM


Device ID:  CdS3_24.txt
