WL	QE	DSig	MSig	Mcorr	RPI	DSD	MSD	RSD	GC
300.0	1.2310E-1	3.1012E-5	1.8757E-2	1.0003E+0	2.5208E-4	3.055	0.034	3.041	CA-CA-3-0
310.0	1.5812E-1	7.4907E-5	2.5503E-2	1.0057E+0	4.7914E-4	10.108	0.042	10.081	CA-CA-3-0
320.0	2.2138E-1	1.4924E-4	3.1039E-2	1.0105E+0	6.8833E-4	0.437	0.024	0.456	CA-CA-3-0
330.0	3.6393E-1	2.9973E-4	3.5200E-2	1.0140E+0	8.4681E-4	1.774	0.018	1.757	CA-CA-3-2
340.0	7.5413E-1	6.9813E-4	3.8333E-2	1.0151E+0	9.5394E-4	0.731	0.016	0.745	CA-CA-3-1
350.0	1.8123E+0	1.7546E-3	3.9837E-2	1.0419E+0	1.0510E-3	0.537	0.044	0.517	CA-CA-3-0
360.0	3.8351E+0	3.7553E-3	3.7287E-2	1.0219E+0	1.0225E-3	0.354	0.042	0.394	CA-CA-3-0
370.0	7.1499E+0	5.3014E-3	2.7910E-2	1.0327E+0	7.9080E-4	0.495	0.037	0.525	CA-CA-3-0
380.0	1.1731E+1	1.4052E-2	4.9247E-2	1.0120E+0	1.2268E-3	0.505	0.005	0.509	CA-B-3-0
390.0	1.5396E+1	2.0936E-2	6.0996E-2	1.0130E+0	1.3954E-3	0.293	0.017	0.310	CA-B-3-1
400.0	1.8025E+1	2.8121E-2	7.6012E-2	1.0170E+0	1.6135E-3	0.220	0.016	0.234	CA-B-3-0
410.0	2.0110E+1	3.2695E-2	8.4784E-2	1.0203E+0	1.6926E-3	0.134	0.016	0.150	CA-B-3-1
420.0	2.2175E+1	3.7245E-2	9.2350E-2	1.0208E+0	1.7503E-3	0.206	0.025	0.182	CA-B-3-0
430.0	2.4305E+1	4.0841E-2	9.6622E-2	1.0241E+0	1.7623E-3	0.094	0.022	0.108	B-B-3-1
440.0	2.6558E+1	4.6286E-2	1.0475E-1	1.0221E+0	1.8207E-3	0.113	0.029	0.085	B-B-3-2
450.0	2.8753E+1	5.2426E-2	1.1376E-1	1.0185E+0	1.8916E-3	0.128	0.013	0.116	B-B-3-0
460.0	3.0998E+1	6.0249E-2	1.2532E-1	1.0219E+0	2.0296E-3	0.103	0.009	0.097	B-B-3-0
470.0	3.3635E+1	7.9413E-2	1.5680E-1	1.0159E+0	2.4367E-3	0.094	0.048	0.047	B-B-3-1
480.0	3.6313E+1	7.0773E-2	1.3320E-1	1.0314E+0	2.0734E-3	0.041	0.004	0.037	B-B-3-1
490.0	3.9329E+1	7.4323E-2	1.3237E-1	1.0294E+0	2.0025E-3	0.171	0.015	0.163	B-B-3-0
500.0	4.1861E+1	7.6568E-2	1.3094E-1	1.0308E+0	1.9435E-3	0.349	0.022	0.329	B-B-3-0
510.0	4.3169E+1	7.5444E-2	1.2763E-1	1.0284E+0	1.8483E-3	0.533	0.017	0.548	B-B-3-0
520.0	4.3033E+1	7.3854E-2	1.2753E-1	1.0280E+0	1.8136E-3	0.777	0.017	0.779	B-B-3-0
530.0	4.2010E+1	7.0252E-2	1.2632E-1	1.0277E+0	1.7663E-3	0.895	0.018	0.887	B-B-3-0
540.0	4.0949E+1	6.6794E-2	1.2568E-1	1.0281E+0	1.7242E-3	0.831	0.007	0.835	B-B-3-0
550.0	4.0272E+1	6.2719E-2	1.2136E-1	1.0284E+0	1.6470E-3	0.752	0.010	0.760	B-B-3-0
560.0	3.9861E+1	5.8177E-2	1.1490E-1	1.0283E+0	1.5432E-3	0.676	0.007	0.677	B-B-3-0
570.0	3.9639E+1	5.3272E-2	1.0701E-1	1.0275E+0	1.4189E-3	0.558	0.013	0.547	B-B-3-0
580.0	3.8239E+1	5.7393E-2	1.2079E-1	1.0276E+0	1.5850E-3	0.606	0.015	0.592	B-B-3-0
590.0	3.7613E+1	5.4876E-2	1.1862E-1	1.0273E+0	1.5397E-3	0.508	0.014	0.502	B-B-3-0
600.0	3.2044E+1	5.3330E-2	9.6994E-2	1.0250E+0	1.7486E-3	0.282	0.031	0.312	B-B-3-0
610.0	3.1034E+1	5.6166E-2	1.0720E-1	1.0254E+0	1.9028E-3	0.316	0.015	0.326	B-B-3-0
620.0	2.9922E+1	5.9515E-2	1.1969E-1	1.0246E+0	2.0882E-3	0.337	0.007	0.344	B-B-3-0
630.0	2.8826E+1	6.1595E-2	1.3050E-1	1.0246E+0	2.2430E-3	0.315	0.025	0.340	B-B-3-0
640.0	2.7812E+1	6.2635E-2	1.3927E-1	1.0249E+0	2.3654E-3	0.332	0.012	0.331	B-B-3-0
650.0	2.6774E+1	6.5011E-2	1.4952E-1	1.0247E+0	2.5495E-3	0.322	0.019	0.330	B-B-3-0
660.0	2.6071E+1	6.2398E-2	1.4836E-1	1.0256E+0	2.5174E-3	0.299	0.028	0.270	B-B-3-0
670.0	2.5226E+1	6.3456E-2	1.5918E-1	1.0223E+0	2.6289E-3	0.296	0.038	0.312	B-B-3-0
680.0	2.4372E+1	6.5378E-2	1.7623E-1	1.0235E+0	2.8099E-3	0.307	0.004	0.308	B-B-3-0
690.0	2.3628E+1	6.6769E-2	1.8652E-1	1.0243E+0	2.9649E-3	0.285	0.010	0.293	B-B-3-0
700.0	2.3319E+1	6.0149E-2	1.6984E-1	1.0264E+0	2.7173E-3	0.278	0.026	0.253	B-B-3-0
710.0	2.2909E+1	5.7713E-2	1.6614E-1	1.0222E+0	2.6325E-3	0.206	0.023	0.214	B-B-3-0
720.0	2.2245E+1	5.9261E-2	1.7749E-1	1.0230E+0	2.7882E-3	0.244	0.023	0.255	B-B-3-0
730.0	2.1860E+1	5.6593E-2	1.7621E-1	1.0196E+0	2.6916E-3	0.230	0.013	0.241	B-B-3-0
740.0	2.1224E+1	5.8104E-2	1.9134E-1	1.0242E+0	2.8720E-3	0.230	0.035	0.235	B-B-3-0
750.0	2.0859E+1	5.5988E-2	1.9322E-1	1.0193E+0	2.7888E-3	0.221	0.017	0.237	B-B-3-0
760.0	2.0525E+1	5.3368E-2	1.9261E-1	1.0165E+0	2.6864E-3	0.196	0.035	0.193	B-B-3-0
770.0	1.9399E+1	6.2493E-2	2.4447E-1	1.0382E+0	3.4724E-3	0.378	0.051	0.328	B-B-3-0
780.0	2.0049E+1	4.3832E-2	1.7053E-1	1.0171E+0	2.2615E-3	0.000	0.018	0.018	B-B-2-0
790.0	1.9570E+1	4.5497E-2	1.8524E-1	1.0063E+0	2.3542E-3	0.120	0.034	0.154	B-B-3-0
800.0	1.8951E+1	4.5975E-2	1.9666E-1	1.0083E+0	2.4664E-3	0.162	0.027	0.182	B-B-3-1
810.0	1.8527E+1	4.2542E-2	1.8873E-1	1.0108E+0	2.3459E-3	0.086	0.068	0.151	B-B-3-1
820.0	1.7050E+1	6.1104E-2	2.9670E-1	9.7840E-1	3.4307E-3	0.328	0.084	0.411	B-B-3-0
830.0	1.3203E+1	1.6779E-1	1.0614E+0	1.0329E+0	1.3559E-2	1.279	0.121	1.162	B-A-3-0
840.0	1.4383E+1	7.6041E-2	4.4815E-1	1.0342E+0	5.6550E-3	0.087	0.081	0.067	B-A-3-0
850.0	1.5603E+1	3.5017E-2	1.8641E-1	1.0303E+0	2.3825E-3	0.034	0.032	0.006	CA-B-3-3
860.0	1.4969E+1	3.3047E-2	1.8170E-1	1.0196E+0	2.2952E-3	0.043	0.025	0.023	CA-B-3-0
870.0	1.3397E+1	4.4244E-2	2.6749E-1	1.0101E+0	3.3699E-3	0.138	0.008	0.131	B-B-3-1
880.0	1.0657E+1	1.0369E-1	7.8175E-1	9.5777E-1	8.9253E-3	0.556	0.279	0.830	B-A-3-0
890.0	9.2504E+0	1.1069E-1	9.4503E-1	1.0614E+0	1.3479E-2	0.628	0.152	0.478	B-A-3-0
900.0	8.3044E+0	1.0626E-1	9.9052E-1	1.0516E+0	1.4151E-2	0.506	0.116	0.390	B-A-3-0
910.0	7.5963E+0	8.8708E-2	8.8757E-1	1.0822E+0	1.3675E-2	0.362	0.170	0.196	B-A-3-0
920.0	6.2165E+0	1.3646E-1	1.6229E+0	1.0461E+0	2.4020E-2	0.745	0.085	0.662	B-A-3-0
930.0	6.7130E+0	4.6016E-2	5.0254E-1	1.0434E+0	7.4634E-3	0.044	0.008	0.036	B-A-3-3
940.0	5.8289E+0	5.7995E-2	7.0228E-1	1.0150E+0	1.0250E-2	0.125	0.030	0.149	B-A-3-1
950.0	5.1087E+0	6.2400E-2	8.4935E-1	1.0270E+0	1.2883E-2	0.118	0.036	0.144	B-A-3-1
960.0	4.8534E+0	4.1002E-2	5.8091E-1	1.0492E+0	9.2999E-3	0.079	0.009	0.071	B-A-3-1
970.0	4.4492E+0	3.6144E-2	5.4336E-1	1.0247E+0	8.5301E-3	0.028	0.042	0.051	CA-A-3-1
980.0	3.4059E+0	8.4270E-2	1.5725E+0	9.9061E-1	2.4280E-2	0.560	0.099	0.659	B-A-3-0
990.0	3.2322E+0	4.4777E-2	8.4657E-1	9.9464E-1	1.3705E-2	0.045	0.049	0.004	B-A-3-1
1000.0	2.7336E+0	3.6826E-2	7.8194E-1	1.0728E+0	1.5504E-2	0.090	0.079	0.015	CA-A-3-1
1010.0	2.4031E+0	1.8021E-2	4.0939E-1	1.0283E+0	7.9289E-3	0.083	0.011	0.078	CA-A-3-2
1020.0	1.8020E+0	1.3840E-2	3.7424E-1	1.0410E+0	8.3226E-3	0.149	0.036	0.186	CA-B-3-0
1030.0	1.3141E+0	6.3698E-3	2.1050E-1	1.0366E+0	5.2084E-3	0.138	0.016	0.150	CA-B-3-2
1040.0	8.3286E-1	3.6020E-3	1.6151E-1	1.0332E+0	4.6170E-3	0.414	0.040	0.454	CA-B-3-0
1050.0	4.8515E-1	2.2599E-3	1.4440E-1	1.0203E+0	4.8495E-3	0.215	0.035	0.182	CA-B-3-0
1060.0	2.7037E-1	1.2329E-3	1.1220E-1	1.0270E+0	4.8098E-3	0.684	0.048	0.714	CA-B-3-0
1070.0	1.4634E-1	5.5156E-4	7.4395E-2	1.0205E+0	3.9251E-3	1.342	0.014	1.344	CA-B-3-0
1080.0	7.5523E-2	3.6278E-4	7.6826E-2	1.0058E+0	4.8597E-3	1.407	0.027	1.380	CA-B-3-1
1090.0	3.8116E-2	1.9833E-4	6.7265E-2	1.0128E+0	5.3371E-3	2.164	0.020	2.146	CA-B-3-0
1100.0	1.6883E-2	5.7801E-5	3.4330E-2	1.0212E+0	3.5700E-3	4.671	0.014	4.663	CA-CA-3-1
end data
Jsc [mA/cm2]:  8.93	7.95	10.73
Bandgap [eV]:  1.423
Power Mode Calibration
Monitor Corrections:  On
Chopping Frequency [Hz]:  50.00
Light Bias Current [mA]:  -0.02
Voltage Bias [V]:  0.00
Meas Period: [s]:  0.5
Readings per WL :  3
Scan Duration [s]:  186
Calibration Info:  Sat, Jan 01, 2005 12:05 AM


Device ID:  
