WL	QE	DSig	MSig	Mcorr	RPI	DSD	MSD	RSD	GC
300	6.56E-02	1.68E-05	1.91E-02	9.82E-01	2.48E-04	10.647	0.056	10.695	CA-CA-3-1
310	3.49E-02	1.68E-05	2.60E-02	9.88E-01	4.71E-04	13.422	0.047	13.446	CA-CA-3-0
320	6.32E-02	4.34E-05	3.16E-02	9.92E-01	6.76E-04	9.832	0.024	9.849	CA-CA-3-0
330	1.19E-01	9.98E-05	3.59E-02	9.95E-01	8.31E-04	2.158	0.034	2.187	CA-CA-3-0
340	3.02E-01	2.85E-04	3.91E-02	9.96E-01	9.36E-04	1.161	0.055	1.211	CA-CA-3-0
350	8.60E-01	8.69E-04	4.16E-02	9.98E-01	1.01E-03	0.364	0.034	0.33	CA-B-3-1
360	2.09E+00	2.09E-03	3.81E-02	1.00E+00	1.00E-03	0.324	0.031	0.307	CA-CA-3-0
370	4.23E+00	3.22E-03	2.87E-02	1.01E+00	7.70E-04	0.127	0.042	0.088	CA-CA-3-0
380	7.12E+00	8.66E-03	5.00E-02	9.96E-01	1.21E-03	0.009	0.031	0.037	CA-B-3-1
390	9.62E+00	1.33E-02	6.20E-02	9.96E-01	1.37E-03	0.038	0.013	0.034	CA-B-3-1
400	1.18E+01	1.87E-02	7.74E-02	9.99E-01	1.59E-03	0.027	0.034	0.06	CA-B-3-0
410	1.38E+01	2.28E-02	8.64E-02	1.00E+00	1.66E-03	0.043	0.035	0.047	CA-B-3-0
420	1.57E+01	2.68E-02	9.42E-02	1.00E+00	1.72E-03	0.002	0.026	0.028	CA-B-2-0
430	1.76E+01	3.01E-02	9.86E-02	1.00E+00	1.73E-03	0.003	0.002	0.005	CA-B-2-0
440	1.96E+01	3.49E-02	1.07E-01	1.00E+00	1.78E-03	0.001	0.004	0.005	CA-B-2-0
450	2.25E+01	4.17E-02	1.16E-01	1.00E+00	1.86E-03	0.007	0.009	0.007	B-B-3-1
460	2.72E+01	5.38E-02	1.28E-01	1.00E+00	1.99E-03	0.003	0.001	0.003	B-B-2-0
470	3.53E+01	8.45E-02	1.59E-01	1.00E+00	2.40E-03	0.042	0.017	0.027	B-B-3-0
480	4.64E+01	9.26E-02	1.36E-01	1.01E+00	2.03E-03	0.012	0.003	0.013	B-B-3-1
490	5.76E+01	1.11E-01	1.35E-01	1.01E+00	1.96E-03	0	0.008	0.007	B-B-2-0
500	6.51E+01	1.22E-01	1.34E-01	1.01E+00	1.90E-03	0.024	0.02	0.011	B-B-3-1
510	6.94E+01	1.24E-01	1.30E-01	1.01E+00	1.81E-03	0.003	0.002	0.001	B-B-2-0
520	7.18E+01	1.26E-01	1.30E-01	1.01E+00	1.77E-03	0.034	0.036	0.01	B-B-3-0
530	7.30E+01	1.25E-01	1.29E-01	1.01E+00	1.73E-03	0.015	0.021	0.008	B-B-3-1
540	7.31E+01	1.22E-01	1.28E-01	1.01E+00	1.69E-03	0.001	0.004	0.005	B-B-2-0
550	7.28E+01	1.16E-01	1.24E-01	1.01E+00	1.61E-03	0.009	0.006	0.003	B-B-2-0
560	7.21E+01	1.08E-01	1.17E-01	1.01E+00	1.51E-03	0.004	0.003	0.001	B-B-2-0
570	7.14E+01	9.81E-02	1.09E-01	1.01E+00	1.39E-03	0.006	0.008	0.01	B-B-3-1
580	7.08E+01	1.09E-01	1.23E-01	1.01E+00	1.55E-03	0.005	0.002	0.003	B-B-2-0
590	7.05E+01	1.05E-01	1.21E-01	1.01E+00	1.51E-03	0.026	0.031	0.006	B-B-3-0
600	7.07E+01	1.20E-01	9.90E-02	1.00E+00	1.71E-03	0.022	0.015	0.007	B-B-3-1
610	7.11E+01	1.31E-01	1.09E-01	1.00E+00	1.86E-03	0.009	0.011	0.002	B-B-2-0
620	7.19E+01	1.46E-01	1.22E-01	1.01E+00	2.05E-03	0.008	0.01	0.006	B-B-3-1
630	7.31E+01	1.59E-01	1.33E-01	1.00E+00	2.20E-03	0.005	0.001	0.006	B-B-2-0
640	7.44E+01	1.71E-01	1.42E-01	1.01E+00	2.32E-03	0.026	0.024	0.003	B-B-3-0
650	7.59E+01	1.88E-01	1.52E-01	1.01E+00	2.50E-03	0.018	0.021	0.005	B-B-3-0
660	7.73E+01	1.89E-01	1.51E-01	1.01E+00	2.47E-03	0.001	0.004	0.005	B-B-2-0
670	7.85E+01	2.01E-01	1.62E-01	1.00E+00	2.58E-03	0.008	0.003	0.004	B-B-2-0
680	7.95E+01	2.17E-01	1.79E-01	1.01E+00	2.76E-03	0.029	0.032	0.006	B-B-3-0
690	8.02E+01	2.31E-01	1.90E-01	1.01E+00	2.91E-03	0.037	0.037	0	B-B-3-0
700	8.04E+01	2.11E-01	1.73E-01	1.01E+00	2.66E-03	0.003	0.007	0.004	B-B-2-0
710	8.02E+01	2.05E-01	1.69E-01	1.00E+00	2.59E-03	0.019	0.017	0.005	B-B-3-0
720	7.96E+01	2.16E-01	1.81E-01	1.01E+00	2.74E-03	0.005	0.007	0.002	B-B-2-0
730	7.87E+01	2.07E-01	1.79E-01	1.00E+00	2.65E-03	0.008	0.008	0.001	B-B-2-0
740	7.76E+01	2.16E-01	1.95E-01	1.01E+00	2.82E-03	0.002	0.001	0	B-B-2-0
750	7.63E+01	2.08E-01	1.96E-01	1.00E+00	2.75E-03	0.009	0.008	0.002	B-B-3-1
760	7.49E+01	1.98E-01	1.95E-01	1.00E+00	2.65E-03	0.022	0.019	0.003	B-B-3-2
770	7.35E+01	2.43E-01	2.51E-01	1.01E+00	3.38E-03	0.024	0.018	0.008	B-B-3-1
780	7.20E+01	1.60E-01	1.73E-01	1.00E+00	2.23E-03	0.015	0.019	0.004	B-B-3-1
790	7.05E+01	1.65E-01	1.87E-01	9.97E-01	2.33E-03	0.032	0.039	0.008	B-B-3-0
800	6.89E+01	1.69E-01	1.99E-01	9.98E-01	2.44E-03	0.032	0.031	0.003	B-B-3-1
810	6.74E+01	1.57E-01	1.91E-01	9.98E-01	2.32E-03	0	0.006	0.006	B-B-2-0
820	6.58E+01	2.34E-01	2.95E-01	9.83E-01	3.45E-03	0.04	0.047	0.008	B-B-3-2
830	6.40E+01	8.28E-01	1.08E+00	1.01E+00	1.33E-02	0.045	0.037	0.011	A-A-3-2
840	6.23E+01	3.38E-01	4.59E-01	1.01E+00	5.52E-03	0.039	0.036	0.004	B-A-3-2
850	6.03E+01	1.39E-01	1.91E-01	1.00E+00	2.32E-03	0.009	0.008	0.015	B-B-3-1
860	5.78E+01	1.30E-01	1.85E-01	1.00E+00	2.25E-03	0.008	0	0.008	B-B-2-0
870	5.50E+01	1.84E-01	2.71E-01	9.97E-01	3.33E-03	0.021	0.022	0.008	B-B-3-1
880	5.13E+01	4.92E-01	7.71E-01	9.71E-01	9.05E-03	0.063	0.072	0.009	A-A-3-2
890	4.80E+01	5.98E-01	9.84E-01	1.02E+00	1.29E-02	0.055	0.042	0.013	A-A-3-1
900	4.41E+01	5.83E-01	1.02E+00	1.02E+00	1.37E-02	0.056	0.044	0.012	A-A-3-2
910	4.03E+01	4.96E-01	9.34E-01	1.03E+00	1.30E-02	0.124	0.112	0.013	A-A-3-0
920	3.64E+01	8.21E-01	1.67E+00	1.02E+00	2.34E-02	0.143	0.124	0.019	A-A-3-0
930	3.30E+01	2.34E-01	5.18E-01	1.01E+00	7.23E-03	0.025	0.033	0.016	B-A-3-1
940	2.98E+01	2.99E-01	7.09E-01	1.01E+00	1.02E-02	0.059	0.062	0.005	B-A-3-0
950	2.68E+01	3.33E-01	8.64E-01	1.01E+00	1.27E-02	0.01	0.001	0.011	B-A-2-0
960	2.41E+01	2.10E-01	5.99E-01	1.02E+00	9.01E-03	0.024	0.027	0.003	B-A-3-1
970	2.12E+01	1.75E-01	5.53E-01	1.01E+00	8.38E-03	0.015	0.015	0.001	B-A-3-1
980	1.80E+01	4.42E-01	1.56E+00	9.96E-01	2.44E-02	0.018	0.041	0.023	A-A-3-2
990	1.49E+01	2.07E-01	8.45E-01	9.96E-01	1.37E-02	0.056	0.056	0.002	B-A-3-1
1000	1.19E+01	1.67E-01	8.16E-01	1.03E+00	1.49E-02	0.073	0.068	0.005	B-A-3-0
1010	8.53E+00	6.52E-02	4.17E-01	1.01E+00	7.78E-03	0.02	0.026	0.006	B-A-3-1
1020	5.73E+00	4.51E-02	3.84E-01	1.02E+00	8.12E-03	0.015	0.023	0.028	B-B-3-1
1030	3.50E+00	1.74E-02	2.15E-01	1.01E+00	5.09E-03	0.008	0.02	0.012	CA-B-2-0
1040	1.99E+00	8.77E-03	1.65E-01	1.01E+00	4.52E-03	0.003	0.017	0.02	CA-B-2-0
1050	1.08E+00	5.07E-03	1.46E-01	1.01E+00	4.79E-03	0.094	0.042	0.065	CA-B-3-0
1060	5.81E-01	2.69E-03	1.14E-01	1.01E+00	4.74E-03	0.04	0.001	0.04	CA-B-3-2
1070	3.07E-01	1.17E-03	7.52E-02	1.01E+00	3.88E-03	0.598	0.03	0.587	CA-B-3-2
1080	1.68E-01	8.10E-04	7.69E-02	1.00E+00	4.85E-03	0.77	0.034	0.736	CA-B-3-0
1090	9.25E-02	4.83E-04	6.76E-02	1.01E+00	5.31E-03	0.505	0.01	0.498	CA-B-3-0
1100	5.15E-02	1.78E-04	3.47E-02	1.01E+00	3.53E-03	5.239	0.029	5.262	CA-CA-3-0
end data									
Jsc [mA/cm2]:  22.28	20.14	26.15							
Bandgap [eV]:  1.292									
Power Mode Calibration									
Monitor Corrections:  On									
Chopping Frequency [Hz]:  50.00									
Light Bias Current [mA]:  -0.02									
Voltage Bias [V]:  0.00									
Meas Period: [s]:  0.5									
Readings per WL :  3									
Scan Duration [s]:  179									
Calibration Info:  Sat, Jan 01, 2005 12:05 AM									
									
									
Device ID:  									
