WL	QE	DSig	MSig	Mcorr	RPI	DSD	MSD	RSD	GC
300.0	4.6865E-1	1.1629E-4	1.8264E-2	1.0040E+0	2.5014E-4	-1.916	0.042	-1.874	CA-CA-2-0
310.0	2.8378E-1	1.3139E-4	2.4812E-2	1.0049E+0	4.6754E-4	-0.118	0.008	-0.111	CA-CA-2-0
320.0	2.8123E-1	1.8464E-4	3.0215E-2	1.0063E+0	6.6485E-4	-0.526	0.020	-0.545	CA-CA-2-0
330.0	3.5631E-1	2.8556E-4	3.4278E-2	1.0073E+0	8.1325E-4	-1.654	0.007	-1.648	CA-CA-2-0
340.0	6.4631E-1	5.8183E-4	3.7331E-2	1.0082E+0	9.1502E-4	-0.208	0.006	-0.202	CA-CA-2-0
350.0	1.4793E+0	1.4241E-3	3.8778E-2	1.0090E+0	9.8011E-4	-0.583	0.019	-0.603	CA-CA-2-0
360.0	3.4474E+0	3.2737E-3	3.6239E-2	1.0091E+0	9.6702E-4	-0.169	0.015	-0.184	CA-CA-2-0
370.0	7.0506E+0	5.0524E-3	2.7044E-2	1.0084E+0	7.2870E-4	-0.236	0.026	-0.211	CA-CA-2-0
380.0	1.2185E+1	1.4208E-2	4.8112E-2	1.0092E+0	1.1876E-3	-0.015	0.013	-0.028	CA-B-2-0
390.0	1.6289E+1	2.1544E-2	5.9525E-2	1.0102E+0	1.3498E-3	-0.039	0.017	-0.056	CA-B-2-0
400.0	1.8940E+1	2.8801E-2	7.4253E-2	1.0101E+0	1.5516E-3	-0.004	0.004	-0.007	CA-B-2-0
410.0	2.0841E+1	3.3015E-2	8.2713E-2	1.0105E+0	1.6175E-3	-0.009	0.011	-0.002	CA-B-2-0
420.0	2.2874E+1	3.7458E-2	9.0127E-2	1.0102E+0	1.6710E-3	-0.030	0.028	-0.002	CA-B-2-0
430.0	2.5143E+1	4.1178E-2	9.4224E-2	1.0113E+0	1.6748E-3	-0.033	0.043	-0.010	B-B-2-0
440.0	2.7667E+1	4.7009E-2	1.0211E-1	1.0112E+0	1.7375E-3	-0.011	0.009	-0.020	B-B-2-0
450.0	3.0495E+1	5.4215E-2	1.1084E-1	1.0120E+0	1.8206E-3	-0.042	0.028	-0.014	B-B-2-0
460.0	3.3899E+1	6.4314E-2	1.2221E-1	1.0114E+0	1.9409E-3	-0.013	0.003	-0.010	B-B-2-0
470.0	3.8129E+1	8.8161E-2	1.5334E-1	1.0120E+0	2.3681E-3	-0.008	0.025	-0.017	B-B-2-0
480.0	4.2281E+1	8.0422E-2	1.2985E-1	1.0124E+0	1.9495E-3	-0.010	0.013	-0.024	B-B-2-0
490.0	4.5157E+1	8.3346E-2	1.2911E-1	1.0119E+0	1.8897E-3	-0.005	0.006	-0.010	B-B-2-0
500.0	4.6256E+1	8.2528E-2	1.2753E-1	1.0123E+0	1.8284E-3	-0.018	0.029	-0.012	B-B-2-0
510.0	4.6469E+1	7.9388E-2	1.2453E-1	1.0117E+0	1.7486E-3	-0.007	0.001	-0.007	B-B-2-0
520.0	4.6588E+1	7.8158E-2	1.2442E-1	1.0118E+0	1.7176E-3	-0.005	0.001	-0.006	B-B-2-0
530.0	4.6915E+1	7.6713E-2	1.2328E-1	1.0115E+0	1.6729E-3	-0.039	0.011	-0.028	B-B-2-0
540.0	4.7455E+1	7.5693E-2	1.2264E-1	1.0110E+0	1.6303E-3	-0.014	0.005	-0.009	B-B-2-0
550.0	4.8314E+1	7.3515E-2	1.1830E-1	1.0118E+0	1.5576E-3	-0.015	0.009	-0.024	B-B-2-0
560.0	4.9290E+1	7.0274E-2	1.1200E-1	1.0109E+0	1.4569E-3	-0.019	0.015	-0.004	B-B-2-0
570.0	5.0381E+1	6.6158E-2	1.0433E-1	1.0106E+0	1.3410E-3	-0.026	0.016	-0.010	B-B-2-0
580.0	5.0953E+1	7.4816E-2	1.1783E-1	1.0123E+0	1.5048E-3	-0.026	0.013	-0.013	B-B-2-0
590.0	5.2017E+1	7.4287E-2	1.1577E-1	1.0121E+0	1.4628E-3	-0.011	0.013	-0.002	B-B-2-0
600.0	5.3443E+1	8.7026E-2	9.4707E-2	1.0134E+0	1.6724E-3	-0.035	0.009	-0.026	B-B-2-0
610.0	5.4129E+1	9.5899E-2	1.0470E-1	1.0140E+0	1.8217E-3	-0.005	0.012	-0.007	B-B-2-0
620.0	5.4636E+1	1.0645E-1	1.1694E-1	1.0140E+0	2.0031E-3	-0.010	0.015	-0.004	B-B-2-0
630.0	5.4903E+1	1.1489E-1	1.2745E-1	1.0135E+0	2.1493E-3	-0.012	0.008	-0.004	B-B-2-0
640.0	5.4918E+1	1.2103E-1	1.3588E-1	1.0131E+0	2.2618E-3	-0.005	0.010	-0.015	B-B-2-0
650.0	5.4820E+1	1.3031E-1	1.4584E-1	1.0130E+0	2.4395E-3	-0.015	0.010	-0.005	B-B-2-0
660.0	5.4569E+1	1.2772E-1	1.4462E-1	1.0130E+0	2.4015E-3	-0.021	0.000	-0.021	B-B-2-0
670.0	5.4232E+1	1.3353E-1	1.5533E-1	1.0126E+0	2.5247E-3	-0.010	0.008	-0.002	B-B-2-0
680.0	5.3788E+1	1.4125E-1	1.7193E-1	1.0124E+0	2.6918E-3	-0.010	0.010	-0.001	B-B-2-0
690.0	5.3371E+1	1.4780E-1	1.8209E-1	1.0123E+0	2.8380E-3	-0.001	0.000	-0.002	B-B-2-0
700.0	5.2811E+1	1.3335E-1	1.6561E-1	1.0119E+0	2.5856E-3	-0.001	0.005	-0.004	B-B-2-0
710.0	5.2296E+1	1.2907E-1	1.6217E-1	1.0119E+0	2.5272E-3	-0.022	0.029	-0.007	B-B-2-0
720.0	5.1886E+1	1.3540E-1	1.7327E-1	1.0116E+0	2.6704E-3	-0.009	0.000	-0.008	B-B-2-0
730.0	5.1315E+1	1.3038E-1	1.7235E-1	1.0114E+0	2.5994E-3	-0.027	0.027	-0.001	B-B-2-0
740.0	5.0925E+1	1.3645E-1	1.8663E-1	1.0107E+0	2.7369E-3	-0.019	0.009	-0.010	B-B-2-0
750.0	5.0490E+1	1.3293E-1	1.8882E-1	1.0105E+0	2.6881E-3	-0.007	0.023	-0.017	B-B-2-0
760.0	5.0042E+1	1.2781E-1	1.8848E-1	1.0099E+0	2.6047E-3	-0.003	0.013	-0.010	B-B-2-0
770.0	4.9929E+1	1.5570E-1	2.3575E-1	1.0086E+0	3.1720E-3	-0.071	0.055	-0.015	B-B-2-0
780.0	4.9291E+1	1.0559E-1	1.6636E-1	1.0093E+0	2.1824E-3	-0.030	0.022	-0.009	B-B-2-0
790.0	4.8917E+1	1.1248E-1	1.8233E-1	1.0083E+0	2.3377E-3	-0.048	0.039	-0.009	B-B-2-0
800.0	4.8568E+1	1.1605E-1	1.9271E-1	1.0086E+0	2.4308E-3	-0.032	0.029	-0.003	B-B-2-0
810.0	4.8147E+1	1.0842E-1	1.8449E-1	1.0079E+0	2.2874E-3	-0.018	0.000	-0.018	B-B-2-0
820.0	4.7405E+1	1.6935E-1	2.9456E-1	1.0078E+0	3.6285E-3	-0.074	0.086	-0.012	B-B-2-0
830.0	4.7355E+1	5.8740E-1	1.0325E+0	1.0057E+0	1.2546E-2	-0.088	0.067	-0.021	A-A-2-0
840.0	4.6296E+1	2.3801E-1	4.3558E-1	1.0046E+0	5.1886E-3	-0.104	0.073	-0.031	B-A-2-0
850.0	4.4886E+1	9.8134E-2	1.8137E-1	1.0063E+0	2.2137E-3	-0.030	0.001	-0.030	B-B-2-0
860.0	4.3391E+1	9.3704E-2	1.7755E-1	1.0065E+0	2.1875E-3	-0.021	0.020	-0.001	B-B-2-0
870.0	4.1413E+1	1.3448E-1	2.6255E-1	1.0073E+0	3.2949E-3	-0.024	0.051	-0.026	B-B-2-0
880.0	3.8564E+1	3.7285E-1	7.7408E-1	1.0140E+0	9.9411E-3	-0.185	0.243	-0.058	B-A-2-0
890.0	3.6529E+1	4.2752E-1	9.2352E-1	1.0059E+0	1.1841E-2	-0.102	0.089	-0.013	A-A-2-0
900.0	3.3676E+1	4.2230E-1	9.7013E-1	1.0105E+0	1.2804E-2	-0.071	0.063	-0.008	A-A-2-0
910.0	3.0747E+1	3.4697E-1	8.5759E-1	1.0130E+0	1.1579E-2	-0.163	0.168	-0.005	B-A-2-0
920.0	2.7777E+1	5.9716E-1	1.5868E+0	1.0080E+0	2.1845E-2	-0.116	0.092	-0.024	A-A-2-0
930.0	2.4841E+1	1.6568E-1	4.8904E-1	1.0106E+0	6.8119E-3	-0.034	0.003	-0.037	B-A-2-0
940.0	2.2299E+1	2.2035E-1	6.9618E-1	1.0119E+0	1.0119E-2	-0.048	0.070	-0.023	B-A-2-0
950.0	2.0052E+1	2.4195E-1	8.3794E-1	1.0113E+0	1.2340E-2	-0.015	0.014	-0.001	B-A-2-0
960.0	1.7946E+1	1.4711E-1	5.6363E-1	1.0127E+0	8.4070E-3	-0.036	0.037	-0.001	B-A-2-0
970.0	1.5698E+1	1.2588E-1	5.3562E-1	1.0129E+0	8.2268E-3	-0.026	0.027	-0.001	B-A-2-0
980.0	1.3379E+1	3.3760E-1	1.5977E+0	1.0120E+0	2.5842E-2	-0.067	0.081	-0.015	B-A-2-0
990.0	1.1072E+1	1.5583E-1	8.5650E-1	1.0109E+0	1.4382E-2	-0.091	0.089	-0.003	B-A-2-0
1000.0	8.9881E+0	1.1656E-1	7.5152E-1	1.0158E+0	1.3381E-2	-0.048	0.068	-0.020	B-A-2-0
1010.0	6.4964E+0	4.7895E-2	3.9225E-1	1.0144E+0	7.5857E-3	-0.013	0.015	-0.002	B-B-2-0
1020.0	4.4263E+0	3.3208E-2	3.6502E-1	1.0136E+0	7.7087E-3	-0.042	0.030	-0.012	CA-B-2-0
1030.0	2.7486E+0	1.3005E-2	2.0551E-1	1.0153E+0	4.8773E-3	-0.115	0.014	-0.129	CA-B-2-0
1040.0	1.5982E+0	6.7413E-3	1.5790E-1	1.0158E+0	4.3522E-3	-0.294	0.032	-0.262	CA-B-2-0
1050.0	8.9656E-1	4.0956E-3	1.4226E-1	1.0152E+0	4.7081E-3	-0.168	0.012	-0.180	CA-B-2-0
1060.0	5.2017E-1	2.3115E-3	1.1037E-1	1.0153E+0	4.5809E-3	-0.080	0.037	-0.117	CA-B-2-0
1070.0	3.2486E-1	1.1940E-3	7.3289E-2	1.0148E+0	3.7852E-3	-0.588	0.007	-0.594	CA-B-2-0
1080.0	1.9907E-1	9.3351E-4	7.5845E-2	1.0150E+0	4.8307E-3	-0.084	0.020	-0.104	CA-B-2-0
1090.0	1.3604E-1	6.9236E-4	6.6649E-2	1.0152E+0	5.2452E-3	-0.326	0.009	-0.336	CA-B-2-0
1100.0	1.3175E-1	4.3584E-4	3.3789E-2	1.0158E+0	3.4135E-3	-0.635	0.052	-0.583	CA-CA-2-0
end data
Jsc [mA/cm2]:  16.30	14.69	19.26
Bandgap [eV]:  1.283
Power Mode Calibration
Monitor Corrections:  On
Chopping Frequency [Hz]:  50.00
Light Bias Current [mA]:  0.02
Voltage Bias [V]:  0.00
Meas Period: [s]:  0.5
Readings per WL :  3
Scan Duration [s]:  125
Calibration Info:  Sat, Jan 01, 2005 12:47 AM


Device ID:  CdS_3_23_2.txt
